# Shape: 16,2
2.072068961423695621e-01 2.308480561086669880e-01
2.067208709967132962e-01 2.587067905265090784e-01
2.060541897161523861e-01 2.882168235165288861e-01
2.037160495142902594e-01 3.174066480412507940e-01
2.057937703215841352e-01 3.462674706590508356e-01
2.067446349710983788e-01 3.805609506172230594e-01
2.051723218480146493e-01 4.285564370144031021e-01
2.051840416204751272e-01 4.853898936277868392e-01
2.063099184188460222e-01 5.453674108844853707e-01
2.062595097456554893e-01 6.116714482170868550e-01
2.062663481463184734e-01 6.865233278996848432e-01
2.056001926322344742e-01 7.659767167909931063e-01
2.056889268569792317e-01 8.614376060738704322e-01
2.069765216974853161e-01 9.703206505987089781e-01
2.055356122608578417e-01 1.085164223066788391e+00
2.049541595741865563e-01 1.206245935483789111e+00
