# Shape: 16,2
2.046460398869860975e-01 2.373574779886015451e-01
2.065467028611892852e-01 2.630833359961078366e-01
2.067954086131140456e-01 2.912478230244804345e-01
2.066744177258519333e-01 3.217714925039275031e-01
2.064240440717300673e-01 3.577362098703271154e-01
2.069342500008313213e-01 4.031551767506119655e-01
2.067760660794576710e-01 4.496222180151077108e-01
2.078895877044701079e-01 5.032862771248788336e-01
2.039067144360076633e-01 5.582462344406858845e-01
2.076499644998614225e-01 6.211816053974930085e-01
2.055979916230195881e-01 6.948313611806445911e-01
2.075574637482056894e-01 7.802924282970203906e-01
2.043628839885884840e-01 8.761137846509081673e-01
2.063230817070436374e-01 9.800160403254553065e-01
2.047951332281678916e-01 1.091777634998102320e+00
2.046032228456860502e-01 1.213899664670866851e+00
