# Shape: 16,2
2.069327893927619400e-01 2.317146762024544782e-01
2.078583794233824500e-01 2.577905251804774034e-01
2.068629508552056184e-01 2.849911172770004386e-01
2.066333283867564097e-01 3.136962929539696132e-01
2.071884183536618074e-01 3.510544510914900829e-01
2.072763280766745375e-01 4.032304870111493300e-01
2.076883560536763318e-01 4.517102987627636956e-01
2.072309482850834828e-01 4.987168885307194377e-01
2.067101618468696334e-01 5.473805269863727396e-01
2.073063025850548635e-01 6.047327094718208951e-01
2.053533008577232422e-01 6.829098319671064177e-01
2.064293399036325749e-01 7.799456323622779852e-01
2.070950531472340317e-01 8.774200097752007377e-01
2.083006642789739793e-01 9.758589786524813903e-01
2.057960103839400479e-01 1.085182223488472042e+00
2.054004271837494011e-01 1.207201759431208998e+00
