# Shape: 16,2
2.073289215181636780e-01 2.262510988369639819e-01
2.066792327836509680e-01 2.500119172704077242e-01
2.082264231650111375e-01 2.773913560631693365e-01
2.076759397893851999e-01 3.101744138524120675e-01
2.078855021135497805e-01 3.475019878856382971e-01
2.068611812651718895e-01 3.734138001683214858e-01
2.051083150928778576e-01 4.373525044774043691e-01
2.065627146396492586e-01 4.920496759470086023e-01
2.091360825723829475e-01 5.551431814079399452e-01
2.088801452947752491e-01 6.264006096212235697e-01
2.068551560614974860e-01 7.047353364684395549e-01
2.076229585407408096e-01 7.893106447485653820e-01
2.076261114889231818e-01 8.803331445477425854e-01
2.056001260528736441e-01 9.789795609036344715e-01
2.072977341603891022e-01 1.086991723234012719e+00
2.071817589618157318e-01 1.205750384861970836e+00
