# Shape: 16,2
2.049581981650810403e-01 2.238901602598148688e-01
2.052656052358227956e-01 2.483094649185137448e-01
2.045028697721942013e-01 2.750847964046586602e-01
2.048672555577481513e-01 3.058087999411261970e-01
2.070711470490455286e-01 3.448681371397425144e-01
2.056865209405270567e-01 3.941595171098891681e-01
2.050233747608117274e-01 4.434392910222260120e-01
2.072955851592495902e-01 4.974478943649400242e-01
2.070577723654292157e-01 5.542733289452481671e-01
2.046736613964079965e-01 6.149128285823494133e-01
2.054308122840222683e-01 6.919794118924390558e-01
2.054429303945190521e-01 7.895347599851672005e-01
2.065094180765462140e-01 8.781367891433224937e-01
2.039389871612910521e-01 9.751175061868333493e-01
2.045026785940564640e-01 1.082402148210127146e+00
2.060643455731418772e-01 1.201851362114110033e+00
