# Shape: 16,2
2.062549892707696286e-01 2.291723120695947080e-01
2.062549892707696286e-01 2.548932118089474730e-01
2.062549892707696286e-01 2.837606635670864574e-01
2.062549892707696286e-01 3.161595990705654002e-01
2.062549892707696286e-01 3.525220404591613010e-01
2.062549892707696286e-01 3.933336285686082623e-01
2.062549892707696286e-01 4.391371606865877020e-01
2.062549892707696286e-01 4.905439906753941148e-01
2.062549892707696286e-01 5.482396448275498324e-01
2.062549892707696286e-01 6.129934650619739411e-01
2.062549892707696286e-01 6.856689083440716814e-01
2.062549892707696286e-01 7.672350621167418616e-01
2.062549892707696286e-01 8.587795666061632804e-01
2.062549892707696286e-01 9.615231179134980932e-01
2.062549892707696286e-01 1.076835745332963334e+00
2.062549892707696286e-01 1.206254989270769684e+00
